f = -0.14112
f = -0.151013
f = -0.14112
df = -0.98927
root = -3.142650.1426510.1
f = 0.00105794
f = -0.00894194
f = 0.00105794
df = -0.999988
-3.14159